220
320
360
400
12140
12150
15170
12200
17390
17470
1250
35420
25990
73230
10180
10190
22380
40800
50300
620
42680
42690
65800
12100
12230
110800
32370
204100
97330
730
12210
212680
204360
223470
12110
12240
42910
203160
221380
72850
241600
239030
218620
239820
252950
253230
205100
49520
242050
258970
262060
221100
25000
234190
268910
235460
246620
286160
287390
295110
362300
433850
439700
297000
34270
303210
311690
317250
319480
6850
6860
6900
203140
205930
247430
323190
241930
307690
238320
326460
328080
211420
331670
335300
252490
250900
265000
12120
12250
266510
351510
255710
271590
3240220
297130
362890
367080
367450
367500
367520
322330
371970
374320
332200
261570
387290
234140
391540
397460
400940
404540
406150
408650
418240
418530
234650
300550
346940
423230
431240
431960
434160
434170
437920
364360
445980
448280
275850
456670
466560
50130
1030830
485510
499520
289070
292030
7670
8850
8870
409710
409720
535520
489830
553420
578080
578620
588650
593280
595140
524220
601840
603960
617830
619820
469600
629730
632360
644930
646570
403640
614570
677120
678950
414340
747350
698780
240720
435150
731490
753640
360430
1030840
774361
774461
813820
878760
814380
834910
570940
638970
881100
714010
517630
945360
978300
223850
996580
1005300
899440
1049410
1068820
1082430
1089980
1091500
1092790
976730
368360
1127400
678960
1153640
1167630
1170970
1172470
1172380
1174180
1145360
1217060
1229490
1237320
1245620
782330
1148590
1253920
1097150
1533420
1547300
1582680
1593500
1604030
1618380
1623730
1637320
1703340
1173820
1714040
1794680
1843760
1659040
1942280
368260
1313140
2073850
2103140
2108330
2114740
1496790
2050650
2334730
2379780
1272080
1086940
2668510
2835570
3156770
440
570
